106 98 91 78 88 92 81 112 76 80 80 86 82 94 93 89 94 105 99 92 82 79 85 113 90 95 73 72 91 104 91 93 72 104 91 108 84 101 105 117 93 91 67 
71 99 87 96 106 83 97 66 70 87 93 85 87 91 105 95 100 94 109 84 90 100 94 113 79 90 77 75 75 85 100 88 107 81 76 80 80 99 94 96 93 93 83 
103 97 86 91 60 69 93 73 98 69 77 83 88 119 121 106 100 83 79 99 111 94 117 95 89 104 88 77 81 92 88 94 100 85 98 95 95 96 93 110 83 97 83 
96 101 90 89 81 96 77 89 62 71 103 94 110 108 126 115 113 94 93 87 110 101 102 92 85 89 84 87 87 105 83 96 88 82 98 91 81 98 106 101 98 96 81 
90 89 92 92 78 78 86 94 77 103 80 108 111 120 124 101 99 85 95 98 114 101 102 78 85 72 84 66 101 108 87 101 95 104 84 108 80 92 102 101 102 105 80 
81 86 82 92 69 83 80 77 99 93 106 117 107 116 112 95 94 90 70 95 122 118 94 105 74 77 82 83 83 94 80 96 102 87 81 100 78 103 83 83 102 95 84 
106 100 96 105 87 85 71 84 88 98 97 109 115 108 102 94 111 87 81 92 99 98 110 111 96 106 92 86 96 98 98 100 93 88 96 117 94 90 77 87 80 107 83 
90 88 100 103 111 110 88 103 92 105 91 113 100 96 94 93 98 106 89 80 85 83 106 104 110 90 102 91 93 128 102 108 118 109 95 96 93 83 80 81 95 95 83 
100 102 113 100 93 93 105 111 110 103 97 93 93 107 102 82 87 95 80 100 99 96 94 96 100 75 104 79 104 104 89 91 113 101 93 102 91 80 73 69 84 97 87 
88 104 95 128 116 113 100 88 103 96 104 96 85 93 102 96 92 85 77 76 100 93 102 115 106 107 83 81 85 86 100 102 108 94 91 84 78 82 80 77 82 77 102 
103 97 106 111 100 121 110 113 97 94 98 96 104 106 93 96 93 96 78 86 82 82 85 106 104 91 103 102 74 113 92 70 81 101 83 105 73 61 85 78 86 96 73 
94 91 102 107 106 121 106 106 101 105 87 113 82 100 91 108 95 103 103 94 102 86 90 97 109 79 112 89 89 95 84 77 90 89 70 82 79 87 65 94 77 70 84 
87 89 89 118 113 116 112 108 93 96 105 110 90 94 99 102 92 104 75 95 98 94 97 105 113 94 106 78 83 70 90 64 76 67 74 76 96 69 70 74 61 83 71 
92 86 100 104 112 118 118 111 88 92 90 116 100 96 97 95 110 120 97 92 97 92 94 100 93 96 100 92 76 50 60 52 83 90 82 80 90 61 78 80 81 65 81 
88 76 99 106 111 115 116 118 102 103 97 95 80 85 75 99 100 120 89 94 93 85 90 101 99 93 99 78 75 73 76 58 63 89 79 96 83 77 84 83 89 85 101 
81 65 94 104 113 105 112 108 99 113 103 98 97 114 77 98 87 98 74 104 92 97 84 103 90 104 85 77 72 70 78 79 85 84 70 78 74 98 63 83 70 93 111 
77 99 98 109 102 86 99 96 116 99 99 93 106 80 76 89 87 87 86 82 97 91 103 92 105 83 104 83 77 76 92 67 83 84 80 77 62 57 61 77 69 95 66 
103 87 92 111 78 108 103 101 108 95 92 97 91 76 70 80 63 83 80 88 99 101 100 88 91 95 99 85 89 88 102 82 89 89 83 79 86 65 82 70 73 68 85 
104 83 113 92 91 93 91 110 104 122 91 85 79 70 69 70 70 77 67 78 73 86 101 107 109 92 83 76 88 99 112 90 81 80 71 80 107 95 96 77 74 80 102 
95 113 89 76 81 92 102 107 81 108 85 113 96 87 66 62 49 77 60 93 94 98 85 102 84 100 97 101 85 97 78 97 86 85 70 96 81 89 84 85 80 76 83 
88 96 67 73 85 85 110 77 93 92 95 105 89 81 60 80 65 88 70 83 90 75 88 107 98 104 103 92 95 80 101 74 90 90 91 81 73 75 81 84 58 71 65 
72 85 61 74 62 86 87 96 96 73 88 70 104 80 83 88 83 91 91 77 93 84 120 93 99 90 92 94 93 112 85 88 75 92 93 95 94 102 82 85 68 72 67 
80 77 87 68 69 74 82 79 87 97 76 72 76 65 82 95 90 99 87 84 80 101 107 83 111 85 115 80 80 86 83 83 100 86 85 92 90 109 84 98 91 76 53 
67 81 64 71 81 114 89 89 68 70 54 91 79 87 109 101 84 84 86 95 91 105 85 95 77 105 100 93 99 95 90 90 83 92 91 84 106 85 103 107 102 74 75 
64 72 75 80 74 84 72 99 91 67 59 67 51 103 89 110 81 109 110 88 69 94 91 102 92 90 74 113 94 105 103 88 87 102 103 88 92 84 92 87 94 85 67 
69 100 93 106 92 78 73 80 78 87 72 70 74 68 117 103 94 102 94 94 102 101 96 98 80 82 82 83 85 112 104 101 99 90 86 114 87 118 87 79 86 84 74 
77 109 97 95 100 89 98 92 74 68 66 88 80 81 92 90 109 103 102 90 102 74 85 87 87 80 83 78 75 86 116 102 100 92 83 82 100 118 85 86 64 86 68 
79 106 82 101 99 96 81 90 88 70 85 73 76 96 103 110 103 77 94 79 85 75 93 78 88 69 55 67 95 99 106 88 68 106 110 96 94 76 67 81 66 101 82 
87 99 87 108 91 105 69 89 81 89 87 82 74 89 90 99 94 95 85 81 63 88 95 69 83 73 70 72 91 103 108 90 109 101 117 113 84 79 62 62 93 88 88 
91 87 87 94 107 110 91 100 83 90 83 81 85 97 106 93 83 85 69 79 90 92 81 69 71 75 73 83 88 91 101 113 103 93 82 91 93 99 70 89 86 98 86 
92 91 72 82 75 112 105 113 92 90 81 89 97 111 92 81 79 75 80 91 86 101 91 78 81 73 73 92 98 75 120 88 104 103 89 84 81 75 76 88 77 102 86 
77 78 74 101 107 118 93 81 83 92 91 97 85 100 92 88 85 84 79 90 103 98 88 82 83 81 72 93 80 89 89 81 98 105 105 97 78 90 64 71 89 106 87 
75 78 66 103 84 100 93 102 80 80 82 77 92 82 78 77 88 93 100 109 93 93 96 75 103 75 99 69 75 99 92 104 98 108 85 98 113 112 89 88 74 86 74 
79 70 89 79 83 90 92 95 75 86 77 70 68 92 90 83 98 83 108 88 102 113 93 92 81 79 80 77 96 84 92 104 90 117 105 93 99 99 96 99 85 85 89 
76 88 82 92 85 91 99 74 76 78 78 79 70 83 72 74 100 110 107 105 115 92 126 79 89 84 73 89 89 88 104 98 111 118 115 119 101 95 84 74 80 76 108 
71 80 74 93 92 96 71 75 69 70 76 81 81 89 94 99 90 109 85 116 101 117 108 89 95 67 73 84 67 97 85 105 110 119 132 114 99 95 88 88 90 99 64 
85 84 92 87 75 104 88 105 72 76 58 76 81 91 96 110 106 88 119 116 103 105 91 105 87 77 85 74 75 82 91 106 90 117 101 115 99 97 76 96 93 94 67 
91 87 75 68 112 91 91 69 77 76 76 100 78 100 88 110 75 105 105 96 103 97 112 111 72 84 78 92 84 97 96 95 96 115 111 119 90 87 90 86 101 91 92 
106 100 68 89 86 76 90 81 90 75 84 72 112 99 105 91 92 94 93 100 101 109 121 90 96 80 83 81 83 110 95 106 96 95 95 102 113 118 107 80 91 80 97 
91 82 91 85 91 103 77 99 90 87 92 83 73 89 95 124 110 86 89 89 102 116 105 137 96 78 93 84 91 98 100 100 105 102 102 89 99 89 94 88 123 105 113 
82 99 76 75 79 80 100 108 96 112 93 86 88 97 104 108 97 93 98 110 90 85 111 109 93 107 89 100 84 109 113 106 78 74 85 93 97 98 92 74 91 109 107 
118 100 85 77 76 82 90 80 91 94 92 104 98 97 97 108 90 89 78 98 98 103 112 101 79 80 96 112 97 116 83 78 88 120 94 67 83 84 95 98 114 119 119 
86 81 100 91 73 63 89 98 111 84 91 75 93 77 85 105 91 91 101 112 98 95 102 102 86 96 94 99 100 113 100 102 90 101 88 84 81 90 93 100 98 103 106 
Time taken for all calculations: 2751.7 ms

Executed program succesfully.
