101 84 92 80 92 88 89 102 80 92 83 87 87 99 96 83 108 125 105 103 80 89 71 84 66 103 86 90 72 82 90 103 115 91 98 101 99 89 105 90 108 101 106 
91 101 107 87 99 88 92 76 83 73 90 89 74 84 85 97 117 98 79 102 91 87 74 78 71 91 87 88 74 104 101 95 98 89 87 125 105 86 87 75 78 92 101 
98 121 107 100 80 68 65 84 88 81 97 64 57 77 94 99 98 94 98 99 73 72 65 84 68 100 84 84 80 75 76 102 112 99 99 94 90 98 82 84 75 76 89 
99 105 101 107 88 86 80 78 71 72 84 70 91 87 91 101 90 111 105 103 87 72 77 62 56 73 89 79 95 107 100 95 113 100 101 102 91 87 79 80 76 83 78 
108 119 112 96 81 96 87 105 74 72 85 87 71 75 93 95 93 96 80 100 71 102 80 87 77 82 62 70 88 87 105 99 103 91 85 90 100 92 74 72 72 81 98 
86 121 115 119 90 95 99 86 84 82 97 78 70 77 85 89 110 78 92 93 77 92 88 104 71 89 83 82 87 91 85 86 101 98 102 84 70 63 79 74 82 72 85 
117 105 93 102 91 116 93 94 86 92 83 71 69 85 87 110 101 90 114 89 80 73 78 79 75 85 82 80 71 86 88 105 88 100 89 90 80 79 73 66 75 81 91 
94 108 117 104 109 96 99 92 84 83 85 94 104 91 80 106 96 104 95 109 90 74 108 78 76 82 91 86 92 91 94 107 96 104 90 96 80 93 83 81 94 94 92 
93 112 96 120 94 102 98 101 94 91 79 80 80 81 94 127 100 114 75 114 67 94 89 85 94 78 90 87 89 75 83 70 86 96 104 94 101 91 67 80 100 104 111 
101 100 92 98 97 107 103 90 65 90 79 83 91 82 81 106 86 106 113 115 75 95 67 106 95 99 82 102 100 73 83 91 94 98 103 99 92 82 99 97 102 85 84 
105 94 91 95 102 102 89 78 77 79 72 84 92 118 87 92 92 77 105 100 95 80 103 80 96 79 93 100 86 71 90 100 97 89 113 101 122 105 106 82 101 100 101 
81 97 92 117 96 87 80 67 86 84 74 70 82 91 95 108 100 93 94 103 98 84 103 80 99 86 83 89 90 86 87 101 97 115 104 116 110 125 106 96 85 99 96 
100 99 71 77 82 97 98 91 76 53 62 59 68 85 92 110 102 93 101 103 97 90 101 87 125 69 79 65 85 82 111 89 99 85 105 109 137 117 124 89 96 99 89 
88 86 94 96 83 84 79 88 62 69 43 65 81 91 81 83 75 84 99 130 90 103 87 83 91 94 84 88 93 68 82 110 94 108 93 111 106 118 116 113 104 99 104 
88 90 91 107 101 85 89 91 80 81 58 81 52 78 77 99 99 84 75 91 94 118 99 83 84 75 83 83 97 63 105 75 122 90 112 97 103 99 106 89 99 121 109 
89 76 81 84 82 88 96 107 104 94 70 62 66 80 68 111 85 87 110 76 94 94 89 68 96 85 79 97 78 76 88 96 100 89 101 108 88 101 102 105 87 94 94 
86 93 88 69 101 90 94 103 99 69 84 63 85 77 89 80 83 107 92 106 96 92 114 67 78 72 87 85 83 82 81 86 87 96 102 84 78 75 105 99 116 110 97 
86 87 81 103 106 81 89 82 90 98 96 73 78 75 87 60 104 83 96 99 95 98 97 67 88 79 84 78 92 85 97 102 82 98 68 93 72 97 97 89 107 102 118 
101 92 91 77 93 110 103 102 102 86 100 80 70 79 78 99 100 94 100 90 79 99 91 81 85 66 75 84 104 88 92 92 104 78 74 96 68 89 89 90 119 102 115 
90 88 93 76 94 92 98 103 72 102 97 79 87 91 77 88 66 88 88 100 104 94 95 86 83 69 85 80 92 80 103 82 71 71 88 93 84 86 83 122 92 107 90 
84 110 109 95 101 81 79 89 79 81 83 94 93 93 86 90 83 90 78 103 84 100 102 86 97 97 81 88 97 86 87 72 67 76 91 89 87 86 94 99 93 112 94 
88 92 95 108 109 89 117 99 106 80 86 73 86 93 85 84 85 98 92 91 78 77 75 82 96 93 94 102 81 84 68 90 89 84 72 86 96 101 104 96 104 89 91 
99 98 81 83 91 95 109 108 111 85 100 79 90 78 92 90 97 102 94 76 82 87 94 96 92 82 96 88 98 90 69 104 78 100 97 107 82 99 103 107 118 92 113 
110 100 82 81 101 75 101 100 90 73 96 78 106 98 92 77 75 100 76 87 91 83 76 76 93 91 98 86 96 78 98 96 83 96 111 102 95 117 90 103 99 101 118 
87 99 95 92 99 96 81 97 81 91 80 74 89 93 101 87 110 96 87 86 64 69 78 90 92 85 80 96 104 95 90 101 103 101 101 103 97 96 72 94 94 92 87 
97 101 84 76 116 97 121 112 98 86 93 100 80 110 84 93 90 106 93 83 75 66 66 88 94 84 87 98 85 82 102 99 107 118 106 96 91 80 91 108 92 89 84 
89 113 66 92 80 90 93 108 88 102 110 115 103 93 72 101 77 102 79 95 87 82 90 75 79 101 88 77 91 101 101 107 88 101 110 106 92 80 74 87 102 99 101 
91 87 90 94 118 81 76 90 94 100 122 100 107 102 96 88 86 88 91 97 79 82 68 66 76 87 89 94 103 92 103 103 113 95 99 107 99 94 81 82 93 88 97 
71 104 86 103 104 81 75 105 95 94 111 100 83 98 87 88 98 93 92 89 99 71 90 90 82 77 72 70 77 91 104 109 105 107 99 88 76 85 72 89 101 84 84 
104 87 109 83 99 87 114 112 99 85 91 94 97 89 69 82 90 101 97 91 91 91 101 76 75 71 70 75 78 69 89 93 112 103 91 90 103 95 73 89 75 102 102 
90 120 88 85 101 91 87 93 105 97 113 89 72 77 82 87 104 97 85 104 88 97 92 74 70 60 77 63 71 85 94 88 100 94 93 83 96 94 84 84 112 86 101 
97 108 107 105 106 97 83 97 81 96 88 78 75 103 95 91 91 84 103 93 84 91 74 88 74 80 70 59 78 81 94 88 108 109 96 82 90 83 93 93 101 111 112 
88 118 112 112 98 92 95 89 70 67 57 79 78 87 99 99 92 96 86 78 100 94 92 80 55 90 70 73 74 81 86 85 93 99 87 73 89 83 84 90 107 107 107 
105 108 127 108 108 106 107 95 55 72 75 80 72 88 84 99 85 87 101 91 103 95 97 76 78 62 75 63 79 94 82 90 76 76 80 98 81 92 84 99 111 114 124 
83 105 112 111 120 98 88 79 82 78 90 62 76 88 115 91 67 75 81 115 97 93 90 84 76 85 94 70 73 75 95 71 93 79 91 96 69 96 89 106 105 97 102 
87 80 118 129 115 87 94 74 80 97 82 87 107 97 95 67 96 79 106 72 104 99 104 88 83 77 105 90 87 73 80 78 87 79 94 79 111 91 86 97 97 95 106 
98 98 91 108 103 107 102 89 100 86 92 103 91 94 84 87 90 77 96 100 97 99 95 88 77 80 91 70 86 80 73 80 77 85 92 83 99 89 86 94 99 86 67 
99 98 80 102 97 116 120 104 93 111 118 89 100 95 116 95 94 80 112 96 101 86 107 100 98 90 63 61 77 96 68 82 85 98 76 95 85 92 100 90 89 70 67 
91 76 80 109 102 117 89 100 106 117 110 96 96 102 95 100 90 109 90 95 79 102 99 96 89 92 88 95 85 76 83 95 88 99 75 91 84 102 72 91 82 63 82 
89 76 91 97 99 103 121 105 87 93 101 89 120 88 98 88 107 95 109 88 96 102 90 83 86 96 110 91 94 96 105 98 91 81 97 78 88 83 72 69 65 96 87 
80 90 85 100 94 103 106 104 92 99 102 108 87 122 100 102 92 79 92 104 101 83 94 66 92 74 87 73 106 119 95 79 83 81 101 89 89 75 66 70 63 74 68 
96 83 91 101 84 92 105 99 86 93 91 96 114 113 109 106 100 101 105 94 88 91 87 77 81 70 86 82 89 79 88 108 97 88 64 68 81 81 96 78 67 74 82 
85 77 102 92 90 88 89 95 93 81 91 93 87 94 97 104 101 93 101 93 83 85 74 82 66 96 85 93 98 90 87 98 76 79 73 91 65 70 75 67 85 79 78 
Time taken for all calculations: 2905.04 ms

Executed program succesfully.
